load (mops),50% tail lat(cycles),90% tail lat (cycles),50% tail encr lat (cycles),90% tail encr lat (cycles),50% tail cmpr lat (cycles),90% tail cmpr lat (cycles)
0.0440276,59133,65745,40572,45552,5811,5865
0.0796411,65205,71604,43245,45030,7719,10995
0.12338,64512,70137,43179,44565,7509,10278
0.15843,65802,71115,43608,44886,7749,10965
0.202206,65250,70944,43374,44715,7584,10407
0.237599,65922,71544,43518,44829,7716,10473
0.28077,65520,71433,43290,44673,7659,10419
0.317068,65922,71214,43491,44823,7698,10677
0.360334,65601,71100,43347,44685,7647,10440
0.409573,64389,70500,42918,44169,7395,8886
0.446129,65124,71040,43176,44637,7491,10029
0.468435,100000000,100000000,100000000,100000000,100000000,100000000
